geo;terrain;T-A;7.535770833492279,46.29209752598038;7.535832524299621,46.29196223064501;7.536106109619141,46.29214756663618;7.5359907746315,46.29223652768917;7.535816431045532,46.29220872737563;7.535770833492279,46.29209752598038
geo;terrain;T-B;7.536124885082244,46.29241630270935;7.5362858176231375,46.29220316731123;7.536532580852508,46.29243668953004;7.536296546459199,46.29272210422308;7.536073923110961,46.29255715695201;7.536124885082244,46.29241630270935
geo;terrain;C;7.535186111927033,46.291632331028985;7.535373866558075,46.29152298184133;7.535583078861236,46.29157302302211;7.535566985607147,46.291758360330334;7.535186111927033,46.291632331028985
geo;river;Smallriver;7.536556720733643,46.292848131016726;7.536454796791076,46.29264797067957;7.536409199237823,46.29244039622391;7.536098062992096,46.29238850248708;7.536098062992096,46.292262474635734;7.535937130451202,46.29220502066609;7.535741329193115,46.29213829985153;7.535062730312348,46.29170275920373
geo;pool;CoolPool;7.536218762397766,46.29235514220171;7.536393105983734,46.29235514220171;7.536393105983734,46.29239406253265;7.536218762397766,46.29239406253265;7.536218762397766,46.29235514220171
geo;road;RteSimplon;7.536175847053528,46.291498887923176;7.536307275295258,46.2917305597741;7.536470890045166,46.292008564701604;7.53662645816803,46.29226432798858;7.536629140377045,46.29230139503254
geo;house;H1;7.535851299762726,46.292136446494375;7.5359907746315,46.292136446494375;7.5359907746315,46.29219575389115;7.535851299762726,46.29219575389115;7.535851299762726,46.292136446494375
geo;house;H2;7.535309493541718,46.29159897028302;7.53546506166458,46.29159897028302;7.53546506166458,46.291663838381496;7.535309493541718,46.291663838381496;7.535309493541718,46.29159897028302
geo;house;H3;7.536170482635499,46.29244039622391;7.536371648311614,46.29244039622391;7.536371648311614,46.2925237967694;7.536170482635499,46.2925237967694;7.536170482635499,46.29244039622391
geo;university;HES-SO;7.536114156246185,46.29274434426655
geo;station;Sierre;7.535017132759093,46.292179073692296
